           1           2  0.98771313958831508     
           1           3  0.98636346166766475     
           1           4  0.98777665567521500     
           1           5   1.0200945370848842     
           5           6  0.97834642712012676     
           5           7  0.97902119735237148     
           5           8   1.0078808749387065     
           8           9  0.97835026392728663     
           8          10  0.97902294823405045     
           8          11   1.0200899314891156     
          11          12  0.98776817999766520     
          11          13  0.98637232464514490     
          11          14  0.98771441558598128     
