           1           2  0.98804650211087175     
           1           3  0.98763711525278197     
           1           4  0.98802705979462080     
           1           5   1.0193679133168643     
           5           6  0.97865210774432398     
           5           7  0.97862826628190813     
           5           8   1.0087548467284635     
           8           9  0.97864279485996197     
           8          10  0.97863124195858608     
           8          11   1.0193658182478160     
          11          12  0.98803369149172748     
          11          13  0.98763822721019312     
          11          14  0.98804022488846943     
