           1           2  0.98777011818183469     
           1           3  0.98630654430338294     
           1           4  0.98771144047109016     
           1           5   1.0201414818045891     
           5           6  0.97906484291548734     
           5           7  0.97827073821108468     
           5           8   1.0078268902280580     
           8           9  0.97905266534779467     
           8          10  0.97825530064385835     
           8          11   1.0201691896254592     
          11          12  0.98626985307669424     
          11          13  0.98779999140449881     
          11          14  0.98770579570546335     
