           1           2  0.98764023625866704     
           1           3  0.98802169637031390     
           1           4  0.98805600734721233     
           1           5   1.0193623372736325     
           5           6  0.97861542515823385     
           5           7  0.97866897332671243     
           5           8   1.0087556858354434     
           8           9  0.97860972531938628     
           8          10  0.97867405653438422     
           8          11   1.0193676029689718     
          11          12  0.98804259644867287     
          11          13  0.98803170142820040     
          11          14  0.98763872006289377     
