           1           2  0.98771326685680305     
           1           3  0.98778923045847100     
           1           4  0.98631453082703180     
           1           5   1.0201081201690483     
           5           6  0.97904303974656570     
           5           7  0.97830800824415332     
           5           8   1.0078664550404026     
           8           9  0.97904304065841297     
           8          10  0.97830800868977041     
           8          11   1.0201081187482703     
          11          12  0.98778923053983947     
          11          13  0.98771326718605046     
          11          14  0.98631453160264360     
