           1           2  0.98803328215208475     
           1           3  0.98804358048142493     
           1           4  0.98763969959381226     
           1           5   1.0193648856670865     
           5           6  0.97861726594771892     
           5           7  0.97867057068595198     
           5           8   1.0087523778289911     
           8           9  0.97862397900925657     
           8          10  0.97866841324508702     
           8          11   1.0193583121670662     
          11          12  0.98805343989135341     
          11          13  0.98802820177208328     
          11          14  0.98764064220003500     
