           1           2  0.98764023638523546     
           1           3  0.98802169668673501     
           1           4  0.98805600768632729     
           1           5   1.0193623360198607     
           5           6  0.97861542539506141     
           5           7  0.97866897430242683     
           5           8   1.0087556874296386     
           8           9  0.97860972502785759     
           8          10  0.97867405837138988     
           8          11   1.0193676003843064     
          11          12  0.98804259693266783     
          11          13  0.98803170234346605     
          11          14  0.98763872061742763     
