           1           2  0.98803328188042727     
           1           3  0.98804358116260405     
           1           4  0.98763969923296713     
           1           5   1.0193648861169002     
           5           6  0.97861726689613893     
           5           7  0.97867057096909504     
           5           8   1.0087523758561072     
           8           9  0.97862397921281419     
           8          10  0.97866841432563834     
           8          11   1.0193583126351748     
          11          12  0.98805344002174267     
          11          13  0.98802820211737530     
          11          14  0.98764064189415635     
