           1           2  0.98637198430431194     
           1           3  0.98777116569077694     
           1           4  0.98771866035167888     
           1           5   1.0200750970317731     
           5           6  0.97836068655480124     
           5           7  0.97901951529716968     
           5           8   1.0078957660902554     
           8           9  0.97835558541482681     
           8          10  0.97901869005260356     
           8          11   1.0200823477518828     
          11          12  0.98636108782368737     
          11          13  0.98771498779708844     
          11          14  0.98778117158698908     
