           1           2  0.98770823960882370     
           1           3  0.98629560906023728     
           1           4  0.98778971887775358     
           1           5   1.0201169567172015     
           5           6  0.97831778619177412     
           5           7  0.97903507556596736     
           5           8   1.0078581954227066     
           8           9  0.97831517002914359     
           8          10  0.97903207441926354     
           8          11   1.0201231791929333     
          11          12  0.98770790416814791     
          11          13  0.98779232309158183     
          11          14  0.98629061281982211     
