           1           2  0.98804650678543771     
           1           3  0.98763711668681231     
           1           4  0.98802705592453877     
           1           5   1.0193679129952518     
           5           6  0.97865211024275944     
           5           7  0.97862826367270028     
           5           8   1.0087548468926024     
           8           9  0.97864279495037731     
           8          10  0.97863123919286388     
           8          11   1.0193658215410015     
          11          12  0.98803368937316793     
          11          13  0.98763822680157787     
          11          14  0.98804022541609648     
