           1           2  0.98777011036372420     
           1           3  0.98630656332293132     
           1           4  0.98771144235728447     
           1           5   1.0201414767269170     
           5           6  0.97906484059361387     
           5           7  0.97827073887076677     
           5           8   1.0078268984630492     
           8           9  0.97905266174367256     
           8          10  0.97825530171172448     
           8          11   1.0201691860588655     
          11          12  0.98626986790591298     
          11          13  0.98779998842822225     
          11          14  0.98770579783307566     
