           1           2  0.98803500645512587     
           1           3  0.98763869926559966     
           1           4  0.98803813164578091     
           1           5   1.0193727183611263     
           5           6  0.97861370148244431     
           5           7  0.97866716912189355     
           5           8   1.0087563427564075     
           8           9  0.97860466048507644     
           8          10  0.97867328909919138     
           8          11   1.0193746023235175     
          11          12  0.98805280287019348     
          11          13  0.98763707954338087     
          11          14  0.98801786642371914     
