           1           2  0.98803500630664154     
           1           3  0.98763869956534900     
           1           4  0.98803813222388104     
           1           5   1.0193727178192338     
           5           6  0.97861370196491104     
           5           7  0.97866716932370657     
           5           8   1.0087563426897932     
           8           9  0.97860466074738262     
           8          10  0.97867328913925566     
           8          11   1.0193746021297598     
          11          12  0.98805280356340519     
          11          13  0.98763707970028403     
          11          14  0.98801786582938467     
