           1           2  0.98764089270263000     
           1           3  0.98804867898533977     
           1           4  0.98803116626239951     
           1           5   1.0193585383079893     
           5           6  0.97869482421704745     
           5           7  0.97859698693050090     
           5           8   1.0087548010190008     
           8           9  0.97869149060354377     
           8          10  0.97859908042498356     
           8          11   1.0193616892975543     
          11          12  0.98802537625254305     
          11          13  0.98805255100720890     
          11          14  0.98763999444169426     
