           1           2  0.98630898869882411     
           1           3  0.98778275581039354     
           1           4  0.98770946635528223     
           1           5   1.0201407110648633     
           5           6  0.97827718846568890     
           5           7  0.97905471272304478     
           5           8   1.0078379325670592     
           8           9  0.97827467818379210     
           8          10  0.97905361711582539     
           8          11   1.0201424719896508     
          11          12  0.98770915788306324     
          11          13  0.98778822662878929     
          11          14  0.98630320922661951     
