           1           2  0.98624790957045816     
           1           3  0.98770261326125552     
           1           4  0.98780240180658452     
           1           5   1.0201493257646883     
           5           6  0.97903474181144601     
           5           7  0.97830013419086559     
           5           8   1.0078345791298973     
           8           9  0.97904159699512339     
           8          10  0.97830784395506043     
           8          11   1.0201380423944868     
          11          12  0.98779241819260521     
          11          13  0.98770230199226994     
          11          14  0.98626297033693799     
