           1           2  0.98764132290748019     
           1           3  0.98804143426648472     
           1           4  0.98802470742281778     
           1           5   1.0193732434345444     
           5           6  0.97861992157780731     
           5           7  0.97864682656208768     
           5           8   1.0087615755386778     
           8           9  0.97863188412665880     
           8          10  0.97864015690715234     
           8          11   1.0193727752264743     
          11          12  0.98801329042967101     
          11          13  0.98763939513133547     
          11          14  0.98805565039549892     
