           1           2  0.98771313963862439     
           1           3  0.98636346382111628     
           1           4  0.98777665493030853     
           1           5   1.0200945362730041     
           5           6  0.97834642822819307     
           5           7  0.97902119740606386     
           5           8   1.0078808747796819     
           8           9  0.97835026469991371     
           8          10  0.97902294796573497     
           8          11   1.0200899312860396     
          11          12  0.98776818017759593     
          11          13  0.98637232578464618     
          11          14  0.98771441558537754     
