           1           2  0.98764124401061149     
           1           3  0.98804082420118178     
           1           4  0.98802499295187207     
           1           5   1.0193739985863373     
           5           6  0.97861973356882936     
           5           7  0.97864685088088932     
           5           8   1.0087611662914793     
           8           9  0.97863172242544083     
           8          10  0.97864077402238348     
           8          11   1.0193724386337393     
          11          12  0.98801351531008252     
          11          13  0.98763929598102995     
          11          14  0.98805572630898675     
