           1           2  0.98630929331533501     
           1           3  0.98778287275848475     
           1           4  0.98770943511365328     
           1           5   1.0201408237069278     
           5           6  0.97827716889677974     
           5           7  0.97905468369714432     
           5           8   1.0078378172332023     
           8           9  0.97827473558299072     
           8          10  0.97905376688792645     
           8          11   1.0201422347965901     
          11          12  0.98770918039918731     
          11          13  0.98778795298647548     
          11          14  0.98630393350208156     
