           1           2  0.98804398426932194     
           1           3  0.98764067063281735     
           1           4  0.98803675832454374     
           1           5   1.0193569735783756     
           5           6  0.97868384755981397     
           5           7  0.97860439787341780     
           5           8   1.0087613407498688     
           8           9  0.97868303818362801     
           8          10  0.97860606855887244     
           8          11   1.0193575070501200     
          11          12  0.98764099581013121     
          11          13  0.98803552518755122     
          11          14  0.98804282963347068     
