           1           2  0.98763840358406962     
           1           3  0.98803818200446059     
           1           4  0.98803818196356297     
           1           5   1.0193681082638626     
           5           6  0.97864301725040381     
           5           7  0.97864301520705699     
           5           8   1.0087479851136048     
           8           9  0.97864301732393844     
           8          10  0.97864301522534536     
           8          11   1.0193681082054709     
          11          12  0.98803818193437865     
          11          13  0.98763840357574728     
          11          14  0.98803818207536098     
