           1           2  0.98771326794463832     
           1           3  0.98778922563735982     
           1           4  0.98631454469923230     
           1           5   1.0201081172653799     
           5           6  0.97904303649026780     
           5           7  0.97830800969610265     
           5           8   1.0078664615840416     
           8           9  0.97904303799379289     
           8          10  0.97830801082501873     
           8          11   1.0201081141585959     
          11          12  0.98778922674228942     
          11          13  0.98771326805670590     
          11          14  0.98631454551135578     
