           1           2  0.98805718718678892     
           1           3  0.98802829756639166     
           1           4  0.98764442664178420     
           1           5   1.0193442571965448     
           5           6  0.97863407439575267     
           5           7  0.97866406984851517     
           5           8   1.0087523698260044     
           8           9  0.97864793921229198     
           8          10  0.97864162346654426     
           8          11   1.0193553107202220     
          11          12  0.98801541108665092     
          11          13  0.98763828955564292     
          11          14  0.98806329028904571     
