           1           2  0.98804398439914343     
           1           3  0.98764066954341001     
           1           4  0.98803675552286918     
           1           5   1.0193569783170546     
           5           6  0.97868383928580405     
           5           7  0.97860440251337955     
           5           8   1.0087613379989231     
           8           9  0.97868302916006833     
           8          10  0.97860607555843193     
           8          11   1.0193575113025721     
          11          12  0.98764099482147016     
          11          13  0.98803552465880895     
          11          14  0.98804282775869479     
