           1           2  0.98763840358171773     
           1           3  0.98803818199963689     
           1           4  0.98803818195583093     
           1           5   1.0193681082688231     
           5           6  0.97864301723713165     
           5           7  0.97864301519836272     
           5           8   1.0087479851456473     
           8           9  0.97864301731405079     
           8          10  0.97864301521322639     
           8          11   1.0193681082103352     
          11          12  0.98803818192783133     
          11          13  0.98763840357347488     
          11          14  0.98803818206935889     
