           1           2  0.98624792376790182     
           1           3  0.98770261559627570     
           1           4  0.98780239984790219     
           1           5   1.0201493174258653     
           5           6  0.97903473747966085     
           5           7  0.97830013966173790     
           5           8   1.0078345906132169     
           8           9  0.97904159358977860     
           8          10  0.97830785089041261     
           8          11   1.0201380311525887     
          11          12  0.98779241292045006     
          11          13  0.98770230376345947     
          11          14  0.98626298827045888     
