1\1\GINC-EMANUELE-XPS-13-9343\Freq\AMBER\ZDO\C4H10\EMANUELE\14-Aug-2026\0\\#P Ge
om=AllCheck Guess=TCheck SCRF=Check GenChk AMBER/ZDO Freq\\Title\\0,1\C,-0.67967
73508,1.7862041211,0.\H,-1.6895860333,2.2132462835,0.\H,-0.1628636314,2.17828183
12,-0.8833254738\H,-0.1628636314,2.1782818312,0.8833254738\C,-0.7140246201,0.253
6689348,0.\H,-1.2455871872,-0.1428990347,-0.8762406615\H,-1.2455871872,-0.142899
0347,0.8762406615\C,0.7140246201,-0.2536689349,0.\H,1.2455871872,0.1428990348,-0
.8762406612\H,1.2455871872,0.1428990348,0.8762406612\C,0.6796773508,-1.786204121
2,0.\H,0.1628636314,-2.1782818312,-0.8833254738\H,1.6895860334,-2.2132462835,0.\
H,0.1628636314,-2.1782818312,0.8833254738\\Version=ES64L-GDVRevJ.14\HF=0.0420323
\RMSD=0.000e+00\RMSF=1.650e-05\ZeroPoint=0.1307632\Thermal=0.1366808\ETot=0.1787
131\HTot=0.1796573\GTot=0.1453975\Dipole=0.,0.,0.\DipoleDeriv=-0.768379,0.,0.,0.
,-0.768379,0.,0.,0.,-0.768379,0.209939,0.,0.,0.,0.209939,0.,0.,0.,0.209939,0.210
941,0.,0.,0.,0.210941,0.,0.,0.,0.210941,0.210941,0.,0.,0.,0.210941,0.,0.,0.,0.21
0941,-0.277892,0.,0.,0.,-0.277892,0.,0.,0.,-0.277892,0.207224,0.,0.,0.,0.207224,
0.,0.,0.,0.207224,0.207224,0.,0.,0.,0.207224,0.,0.,0.,0.207224,-0.277892,0.,0.,0
.,-0.277892,0.,0.,0.,-0.277892,0.207224,0.,0.,0.,0.207224,0.,0.,0.,0.207224,0.20
7224,0.,0.,0.,0.207224,0.,0.,0.,0.207224,-0.768379,0.,0.,0.,-0.768379,0.,0.,0.,-
0.768379,0.210941,0.,0.,0.,0.210941,0.,0.,0.,0.210941,0.209939,0.,0.,0.,0.209939
,0.,0.,0.,0.209939,0.210941,0.,0.,0.,0.210941,0.,0.,0.,0.210941\PG=C02H [SGH(C4H
2),X(H8)]\NImag=0\\0.59620964,-0.00007793,0.58723560,0.,0.,0.59619153,-0.3010049
1,0.10160954,0.,0.30110154,0.10845108,-0.10384119,0.,-0.10740636,0.09153108,0.,0
.,-0.05074599,0.,0.,0.03936140,-0.11617743,-0.04814390,0.11224130,-0.00444135,-0
.01050331,0.01801860,0.10816314,-0.05158605,-0.09684395,0.08753144,0.00286849,0.
00678367,-0.01131383,0.05065078,0.08401379,0.11212123,0.08157780,-0.24222188,-0.
00132531,-0.00313421,0.00552046,-0.11733958,-0.08611695,0.23955091,-0.11617743,-
0.04814390,-0.11224130,-0.00444135,-0.01050331,-0.01801860,0.01076920,0.00812892
,0.00990896,0.10816314,-0.05158605,-0.09684395,-0.08753144,0.00286849,0.00678367
,0.01131383,0.00812892,0.00622110,0.00751738,0.05065078,0.08401379,-0.11212123,-
0.08157780,-0.24222188,0.00132531,0.00313421,0.00552046,-0.00990896,-0.00751738,
-0.00913421,0.11733958,0.08611695,0.23955091,-0.07462334,-0.00289900,0.,0.008336
63,0.01971523,0.,0.00171117,-0.00996801,-0.00342329,0.00171117,-0.00996801,0.003
42329,0.57581692,-0.00229852,-0.28933433,0.,-0.00018684,-0.00044186,0.,-0.000038
35,0.00022340,0.00007672,-0.00003835,0.00022340,-0.00007672,0.03170391,0.5807597
1,0.,0.,-0.07405539,0.,0.,0.00021661,-0.00326489,0.01734183,0.00578723,0.0032648
9,-0.01734183,0.00578723,0.,0.,0.60171049,0.00176417,-0.00003954,0.00315310,0.00
029204,0.00015625,0.00067295,-0.00038624,-0.00035863,-0.00030550,0.00064713,-0.0
0015123,-0.00041207,-0.12507808,-0.04977017,-0.11461121,0.11531336,-0.01018060,0
.00022817,-0.01711969,0.00015625,-0.00050768,-0.00032214,-0.00035863,-0.00047496
,0.00000930,-0.00015123,-0.00011914,-0.00021949,-0.05043058,-0.09805209,-0.08414
255,0.05196330,0.08672638,0.00353731,-0.00007928,0.00583521,0.00005811,-0.000308
36,-0.00015995,0.00031915,-0.00000470,0.00050266,-0.00042346,-0.00021923,0.00019
043,-0.11124997,-0.08046763,-0.23977054,0.11656565,0.08610769,0.23727773,0.00176
417,-0.00003954,-0.00315310,0.00029204,0.00015625,-0.00067295,0.00064713,-0.0001
5123,0.00041207,-0.00038624,-0.00035863,0.00030550,-0.12507808,-0.04977017,0.114
61121,0.01088826,0.00750275,-0.01000084,0.11531336,-0.01018060,0.00022817,0.0171
1969,0.00015625,-0.00050768,0.00032214,-0.00015123,-0.00011914,0.00021949,-0.000
35863,-0.00047496,-0.00000930,-0.05043058,-0.09805209,0.08414255,0.00750275,0.00
642889,-0.00746104,0.05196330,0.08672638,-0.00353731,0.00007928,0.00583521,-0.00
005811,0.00030836,-0.00015995,0.00042346,0.00021923,0.00019043,-0.00031915,0.000
00470,0.00050266,0.11124997,0.08046763,-0.23977054,0.01000084,0.00746104,-0.0094
4362,-0.11656565,-0.08610769,0.23727773,0.00695206,-0.00015581,0.,0.00008129,-0.
00026439,0.,-0.00024528,-0.00030431,0.00011053,-0.00024528,-0.00030431,-0.000110
53,-0.26309246,0.06928608,0.,-0.00312336,0.00200988,0.00098512,-0.00312336,0.002
00988,-0.00098512,0.57581692,0.01956859,-0.00043857,0.,-0.00026439,0.00009503,0.
,-0.00030431,0.00048895,-0.00030654,-0.00030431,0.00048895,0.00030654,0.06928608
,-0.10727529,0.,-0.00879159,0.00565739,0.00277291,-0.00879159,0.00565739,-0.0027
7291,0.03170391,0.58075971,0.,0.,0.00232528,0.,0.,0.00033178,-0.00032996,-0.0002
9667,-0.00049701,0.00032996,0.00029667,-0.00049701,0.,0.,-0.07209932,-0.01520751
,0.00874962,0.00526559,0.01520751,-0.00874962,0.00526559,0.,0.,0.60171049,0.0005
6254,-0.00135341,-0.00086082,-0.00011212,0.00016878,0.00007143,-0.00000017,0.000
61410,-0.00000214,0.00008258,0.00021256,0.00018375,-0.00312336,-0.00879159,0.015
20751,-0.00072513,-0.00026831,0.00010216,-0.00012500,0.00011514,0.00036185,-0.12
507808,-0.04977017,0.11461121,0.11531336,-0.00135341,0.00013211,0.00022426,0.000
16878,0.00000811,-0.00005039,0.00061410,-0.00046267,0.00000309,0.00021256,-0.000
07751,-0.00026555,0.00200988,0.00565739,-0.00874962,-0.00026831,-0.00010868,0.00
028757,0.00011514,0.00062167,0.00032480,-0.05043058,-0.09805209,0.08414255,0.051
96330,0.08672638,-0.00072166,0.00061597,-0.00095634,0.00007143,-0.00005039,0.000
10583,-0.00000214,0.00000309,0.00042477,0.00018375,-0.00026555,0.00000010,-0.000
98512,-0.00277291,0.00526559,-0.00010216,-0.00028757,0.00052711,0.00036185,0.000
32480,0.00020100,0.11124997,0.08046763,-0.23977054,-0.11656565,-0.08610769,0.237
27773,0.00056254,-0.00135341,0.00086082,-0.00011212,0.00016878,-0.00007143,0.000
08258,0.00021256,-0.00018375,-0.00000017,0.00061410,0.00000214,-0.00312336,-0.00
879159,-0.01520751,-0.00012500,0.00011514,-0.00036185,-0.00072513,-0.00026831,-0
.00010216,-0.12507808,-0.04977017,-0.11461121,0.01088826,0.00750275,0.01000084,0
.11531336,-0.00135341,0.00013211,-0.00022426,0.00016878,0.00000811,0.00005039,0.
00021256,-0.00007751,0.00026555,0.00061410,-0.00046267,-0.00000309,0.00200988,0.
00565739,0.00874962,0.00011514,0.00062167,-0.00032480,-0.00026831,-0.00010868,-0
.00028757,-0.05043058,-0.09805209,-0.08414255,0.00750275,0.00642889,0.00746104,0
.05196330,0.08672638,0.00072166,-0.00061597,-0.00095634,-0.00007143,0.00005039,0
.00010583,-0.00018375,0.00026555,0.00000010,0.00000214,-0.00000309,0.00042477,0.
00098512,0.00277291,0.00526559,-0.00036185,-0.00032480,0.00020100,0.00010216,0.0
0028757,0.00052711,-0.11124997,-0.08046763,-0.23977054,-0.01000084,-0.00746104,-
0.00944362,0.11656565,0.08610769,0.23727773,0.00081019,0.00130187,0.,-0.00005252
,-0.00031305,0.,-0.00029484,-0.00019596,0.00004366,-0.00029484,-0.00019596,-0.00
004366,0.00695206,0.01956859,0.,0.00056254,-0.00135341,0.00072166,0.00056254,-0.
00135341,-0.00072166,-0.07462334,-0.00229852,0.,0.00176417,-0.01018060,-0.003537
31,0.00176417,-0.01018060,0.00353731,0.59620964,0.00130187,-0.00211576,0.,-0.000
31305,0.00029048,0.,-0.00019596,0.00058556,-0.00020544,-0.00019596,0.00058556,0.
00020544,-0.00015581,-0.00043857,0.,-0.00135341,0.00013211,-0.00061597,-0.001353
41,0.00013211,0.00061597,-0.00289900,-0.28933433,0.,-0.00003954,0.00022817,0.000
07928,-0.00003954,0.00022817,-0.00007928,-0.00007793,0.58723560,0.,0.,0.00178999
,0.,0.,-0.00023797,0.00004366,-0.00020544,-0.00029072,-0.00004366,0.00020544,-0.
00029072,0.,0.,0.00232528,0.00086082,-0.00022426,-0.00095634,-0.00086082,0.00022
426,-0.00095634,0.,0.,-0.07405539,-0.00315310,0.01711969,0.00583521,0.00315310,-
0.01711969,0.00583521,0.,0.,0.59619153,-0.00029484,-0.00019596,-0.00004366,0.000
03238,0.00005971,0.00001201,0.00007765,0.00001757,0.,0.00006205,0.00001205,0.000
00489,-0.00024528,-0.00030431,0.00032996,-0.00000017,0.00061410,0.00000214,0.000
08258,0.00021256,0.00018375,0.00171117,-0.00003835,0.00326489,-0.00038624,-0.000
35863,-0.00031915,0.00064713,-0.00015123,-0.00042346,-0.11617743,-0.04814390,-0.
11224130,0.10816314,-0.00019596,0.00058556,0.00020544,0.00005971,-0.00008398,-0.
00002847,0.00001757,-0.00015609,0.,0.00001205,-0.00009820,-0.00006535,-0.0003043
1,0.00048895,0.00029667,0.00061410,-0.00046267,-0.00000309,0.00021256,-0.0000775
1,-0.00026555,-0.00996801,0.00022340,-0.01734183,-0.00035863,-0.00047496,0.00000
470,-0.00015123,-0.00011914,-0.00021923,-0.05158605,-0.09684395,-0.08753144,0.05
065078,0.08401379,-0.00004366,0.00020544,-0.00029072,0.00001201,-0.00002847,0.00
005184,0.,0.,0.00007897,0.00000489,-0.00006535,0.00003645,-0.00011053,0.00030654
,-0.00049701,0.00000214,-0.00000309,0.00042477,0.00018375,-0.00026555,0.00000010
,0.00342329,-0.00007672,0.00578723,0.00030550,-0.00000930,0.00050266,-0.00041207
,-0.00021949,0.00019043,-0.11212123,-0.08157780,-0.24222188,0.11733958,0.0861169
5,0.23955091,-0.00005252,-0.00031305,0.,-0.00000392,0.00005466,0.,0.00003238,0.0
0005971,-0.00001201,0.00003238,0.00005971,0.00001201,0.00008129,-0.00026439,0.,-
0.00011212,0.00016878,-0.00007143,-0.00011212,0.00016878,0.00007143,0.00833663,-
0.00018684,0.,0.00029204,0.00015625,-0.00005811,0.00029204,0.00015625,0.00005811
,-0.30100491,0.10160954,0.,-0.00444135,0.00286849,0.00132531,0.30110154,-0.00031
305,0.00029048,0.,0.00005466,-0.00003380,0.,0.00005971,-0.00008398,0.00002847,0.
00005971,-0.00008398,-0.00002847,-0.00026439,0.00009503,0.,0.00016878,0.00000811
,0.00005039,0.00016878,0.00000811,-0.00005039,0.01971523,-0.00044186,0.,0.000156
25,-0.00050768,0.00030836,0.00015625,-0.00050768,-0.00030836,0.10845108,-0.10384
119,0.,-0.01050331,0.00678367,0.00313421,-0.10740636,0.09153108,0.,0.,-0.0002379
7,0.,0.,0.00003780,-0.00001201,0.00002847,0.00005184,0.00001201,-0.00002847,0.00
005184,0.,0.,0.00033178,-0.00007143,0.00005039,0.00010583,0.00007143,-0.00005039
,0.00010583,0.,0.,0.00021661,-0.00067295,0.00032214,-0.00015995,0.00067295,-0.00
032214,-0.00015995,0.,0.,-0.05074599,-0.01801860,0.01131383,0.00552046,0.,0.,0.0
3936140,-0.00029484,-0.00019596,0.00004366,0.00003238,0.00005971,-0.00001201,0.0
0006205,0.00001205,-0.00000489,0.00007765,0.00001757,0.,-0.00024528,-0.00030431,
-0.00032996,0.00008258,0.00021256,-0.00018375,-0.00000017,0.00061410,-0.00000214
,0.00171117,-0.00003835,-0.00326489,0.00064713,-0.00015123,0.00042346,-0.0003862
4,-0.00035863,0.00031915,-0.11617743,-0.04814390,0.11224130,0.01076920,0.0081289
2,-0.00990896,-0.00444135,-0.01050331,0.01801860,0.10816314,-0.00019596,0.000585
56,-0.00020544,0.00005971,-0.00008398,0.00002847,0.00001205,-0.00009820,0.000065
35,0.00001757,-0.00015609,0.,-0.00030431,0.00048895,-0.00029667,0.00021256,-0.00
007751,0.00026555,0.00061410,-0.00046267,0.00000309,-0.00996801,0.00022340,0.017
34183,-0.00015123,-0.00011914,0.00021923,-0.00035863,-0.00047496,-0.00000470,-0.
05158605,-0.09684395,0.08753144,0.00812892,0.00622110,-0.00751738,0.00286849,0.0
0678367,-0.01131383,0.05065078,0.08401379,0.00004366,-0.00020544,-0.00029072,-0.
00001201,0.00002847,0.00005184,-0.00000489,0.00006535,0.00003645,0.,0.,0.0000789
7,0.00011053,-0.00030654,-0.00049701,-0.00018375,0.00026555,0.00000010,-0.000002
14,0.00000309,0.00042477,-0.00342329,0.00007672,0.00578723,0.00041207,0.00021949
,0.00019043,-0.00030550,0.00000930,0.00050266,0.11212123,0.08157780,-0.24222188,
0.00990896,0.00751738,-0.00913421,-0.00132531,-0.00313421,0.00552046,-0.11733958
,-0.08611695,0.23955091\\-0.00001903,0.00004234,0.,0.00001878,-0.00000838,0.,-0.
00000121,0.00000071,-0.00001195,-0.00000121,0.00000071,0.00001195,-0.00002897,0.
00003027,0.,0.00000054,-0.00001256,-0.00001976,0.00000054,-0.00001256,0.00001976
,0.00002897,-0.00003027,0.,-0.00000054,0.00001256,-0.00001976,-0.00000054,0.0000
1256,0.00001976,0.00001903,-0.00004234,0.,0.00000121,-0.00000071,-0.00001195,-0.
00001878,0.00000838,0.,0.00000121,-0.00000071,0.00001195\\\@
