           1           2  0.98764330194691952     
           1           3  0.98804183507394683     
           1           4  0.98804389285016236     
           1           5   1.0193505747394407     
           5           6  0.97866841899588775     
           5           7  0.97863113659179790     
           5           8   1.0087576529621323     
           8           9  0.97866497060561475     
           8          10  0.97862385089930470     
           8          11   1.0193621510731381     
          11          12  0.98803476018870240     
          11          13  0.98804050849465119     
          11          14  0.98764309236255377     
