           1           2  0.98764534024065453     
           1           3  0.98804853860800379     
           1           4  0.98804440285826267     
           1           5   1.0193406274905845     
           5           6  0.97867706550474642     
           5           7  0.97863795660763730     
           5           8   1.0087555086090694     
           8           9  0.97867250230985792     
           8          10  0.97862596398123913     
           8          11   1.0193552055274919     
          11          12  0.98803499821350171     
          11          13  0.98804425015609532     
          11          14  0.98764509989306926     
