           1           2  0.98764081344705856     
           1           3  0.98801359229126817     
           1           4  0.98802604299833940     
           1           5   1.0194057977381019     
           5           6  0.97858883368421734     
           5           7  0.97861924759155683     
           5           8   1.0087906043001884     
           8           9  0.97858883183849721     
           8          10  0.97861924585957483     
           8          11   1.0194058010375375     
          11          12  0.98801359199891425     
          11          13  0.98764081251953084     
          11          14  0.98802604228845703     
