           1           2  0.98772079628929099     
           1           3  0.98780950343521789     
           1           4  0.98632060210026551     
           1           5   1.0200875989634179     
           5           6  0.97902222996664123     
           5           7  0.97828053103900758     
           5           8   1.0079342822552491     
           8           9  0.97903365690687016     
           8          10  0.97830434435950786     
           8          11   1.0200747066833882     
          11          12  0.98640304937973189     
          11          13  0.98771929108896128     
          11          14  0.98772714106875303     
