           1           2  0.98764089039010527     
           1           3  0.98804867657333262     
           1           4  0.98803116408672076     
           1           5   1.0193585465812951     
           5           6  0.97869481244293743     
           5           7  0.97859699374124254     
           5           8   1.0087547967525932     
           8           9  0.97869147453126137     
           8          10  0.97859909231123687     
           8          11   1.0193616968302046     
          11          12  0.98802537606085339     
          11          13  0.98805254753649696     
          11          14  0.98763999227769605     
