           1           2  0.98772078261941720     
           1           3  0.98780950152240576     
           1           4  0.98632060679283273     
           1           5   1.0200876271130084     
           5           6  0.97902225070672388     
           5           7  0.97828054726435132     
           5           8   1.0079342022429669     
           8           9  0.97903367397386210     
           8          10  0.97830435548703820     
           8          11   1.0200747407640112     
          11          12  0.98640304673202606     
          11          13  0.98771929101951716     
          11          14  0.98772713137287982     
