           1           2  0.98770823994923640     
           1           3  0.98629560617560186     
           1           4  0.98778971748741329     
           1           5   1.0201169589268941     
           5           6  0.97831778558239302     
           5           7  0.97903507513793309     
           5           8   1.0078581948134366     
           8           9  0.97831516987917044     
           8          10  0.97903207545859483     
           8          11   1.0201231789407805     
          11          12  0.98770790390618435     
          11          13  0.98779232473823142     
          11          14  0.98629060892370701     
