           1           2  0.98764084628493254     
           1           3  0.98801358034317888     
           1           4  0.98802612221891051     
           1           5   1.0194056325320764     
           5           6  0.97858886319231497     
           5           7  0.97861922334802409     
           5           8   1.0087908146227003     
           8           9  0.97858886122218536     
           8          10  0.97861922173021909     
           8          11   1.0194056357948826     
          11          12  0.98801358032105768     
          11          13  0.98764084533040253     
          11          14  0.98802612127049061     
