           1           2  0.98638148267577774     
           1           3  0.98777411993323583     
           1           4  0.98771905591073161     
           1           5   1.0200719938302163     
           5           6  0.97836261408911496     
           5           7  0.97901911221334692     
           5           8   1.0078961680235705     
           8           9  0.97836121419145783     
           8          10  0.97901970872105870     
           8          11   1.0200746518191333     
          11          12  0.98637863284938532     
          11          13  0.98771710201990870     
          11          14  0.98777603656073187     
