           1           2  0.98641409833021398     
           1           3  0.98775973343406975     
           1           4  0.98771825493721543     
           1           5   1.0200960864817670     
           5           6  0.97832811497159744     
           5           7  0.97902761696177765     
           5           8   1.0078865996577946     
           8           9  0.97833067515584260     
           8          10  0.97903336655240158     
           8          11   1.0200828675000781     
          11          12  0.98641944432765194     
          11          13  0.98771976781350501     
          11          14  0.98776001102819577     
