           1           2  0.98805719313473706     
           1           3  0.98802829915267909     
           1           4  0.98764442979651990     
           1           5   1.0193442408660729     
           5           6  0.97863407454332396     
           5           7  0.97866407472692207     
           5           8   1.0087523841718788     
           8           9  0.97864794046756909     
           8          10  0.97864162809582744     
           8          11   1.0193552933358934     
          11          12  0.98801541513062086     
          11          13  0.98763829423264937     
          11          14  0.98806329441975738     
