           1           2  0.98641411011060975     
           1           3  0.98775973123438510     
           1           4  0.98771825587014583     
           1           5   1.0200960831331778     
           5           6  0.97832811585180179     
           5           7  0.97902761646638359     
           5           8   1.0078866040281835     
           8           9  0.97833067663776685     
           8          10  0.97903336640624761     
           8          11   1.0200828626167739     
          11          12  0.98641945717487911     
          11          13  0.98771976966116859     
          11          14  0.98776000752024917     
